 1.0 Version

 The number of configurations
2

 The maximum number of atoms per system
1

 The maximum number of atom type
1

 The atom types in the data file
Au

 Configuration num. 1
 System name
System
 The number of atom types
1
 The number of atoms
1
 Atom types and atom numbers
 Au 1
 Primitive lattice vectors (ang.)
[]
 Atomic positions (ang.)
[0.125416247409735, 0.732562475412111, 1.4580297181479] [0.0035504916693191, 2.75222814648465, 3.65273413547423] [2.29702054628627, 0.674229443574658, 3.33887923106036] [2.37894172521961, 2.73097148799147, 1.51952412780763] [0.0655158747740504, 0.518683672764114, 5.48535640108411] [0.0614752171030898, 2.60681617218185, 7.6859668603681] [2.21508807711177, 0.471440873399277, 7.64984628562175] [2.15000586477979, 2.63788999505456, 5.4972930390315] [0.410161339871357, 0.543481033707173, 9.72395503249573] [0.0212713151771932, 2.65584309595097, 11.7731183177076] [2.09351063278527, 0.431659272832558, 11.9250534510268] [2.30417095490688, 2.75628942985998, 9.59437042383634] [0.0348732479396437, 4.82693559435752, 1.63002440663409] [0.112927069593717, 6.82135715783857, 3.59131278840662] [2.29761690920642, 4.86747175663451, 3.61896367537298] [2.10715394401966, 6.68288591238379, 1.56784668090247] [0.320290608359748, 4.83362699229802, 5.69188948952724] [0.101239026262792, 6.97453303124619, 7.66515254070648] [2.27811819459251, 4.72839150479857, 7.60506333364208] [2.249528781975, 6.78732335584719, 5.54388077836004] [0.224825754354662, 4.60425228537247, 9.59388981900156] [0.211699169099771, 6.80509029841715, 11.7763333459369] [1.95164182863379, 4.49591508503661, 11.9173588960622] [2.20842581686985, 6.6260838524078, 9.58213901447148] [0.230487224372358, 8.94298007218584, 1.44335917082669] [0.219949535227287, 11.180899881933, 3.45706929439603] [2.22258482247101, 8.84368389407264, 3.47243600925803] [2.34505749134517, 10.9281208420038, 1.52713935966201] [12.2166262563496, 8.82596146052611, 5.63956239233161] [0.0849151395620282, 10.8938758477687, 7.70630730851419] [2.07485006428879, 8.96364926548331, 7.39634182581414] [2.11673276868036, 11.0201363774474, 5.63265314070146] [0.236233779102733, 8.69198999089726, 9.61779763476863] [0.106310527646668, 10.9601740615167, 11.7859568801138] [2.11911843759888, 8.95636665448252, 11.7670853869513] [2.24546704405302, 10.8823551411743, 9.7099345309513] [4.24350988664593, 0.692297646922813, 1.33945065348004] [4.34786927498776, 2.66576839686306, 3.62426282496204] [6.43498190196799, 0.505597301612646, 3.77333268632052] [6.37320095652958, 2.50262834075587, 1.49409884550068] [4.28901820587744, 0.541971198175407, 5.47568482828452] [4.23037988677924, 2.68656282672695, 7.52929419239754] [6.26573995793507, 0.528265603039854, 7.9409598240505] [6.49364011645859, 2.51953483377419, 5.68844812576512] [4.15741835557425, 0.588506760623905, 9.78494420839981] [4.17814700008851, 2.66534996119384, 11.7699060112866] [6.19826168865636, 0.413809309869615, 11.8572436559357] [6.25971621654217, 2.52027228936018, 9.93312672256413] [4.36145053007118, 4.66475678604019, 1.565164844207] [4.34343312364558, 6.75394545670047, 3.55944358620276] [6.65080496611297, 4.81391824138378, 3.43399186844243] [6.36465522717261, 6.63820237203324, 1.39503483661659] [4.35349984565262, 4.52415243743395, 5.58909975113398] [4.24292332655544, 6.7612682502962, 7.71422811243658] [6.13139803103195, 4.76793322137049, 7.67525618794665] [6.41130590269889, 6.56931075942971, 5.58057619892831] [4.19365021294124, 4.69816622569303, 9.83427443493087] [3.95017381771336, 6.6622169197257, 11.8010234043582] [6.29376780860351, 4.44498914570342, 11.8011599852684] [6.10858704179515, 6.74630470697825, 9.8801518915831] [4.15231872996591, 8.80119455805105, 1.51773332969881] [4.48974918458048, 10.8085492583066, 3.46991928240488] [6.35183303659917, 8.65360528073647, 3.35587283547481] [6.28002232130249, 10.7184178325738, 1.17459356212136] [4.28932754850015, 8.81937935864569, 5.69851229385757] [4.25198756953883, 10.7865151722339, 7.50351547538354] [6.26876880329257, 8.82523542296467, 7.66317503693742] [6.52748171565518, 10.7526502036573, 5.836675467673] [4.03429640814356, 8.59770289281366, 9.72901947240389] [4.21953594447738, 10.7598610119793, 11.9994144531798] [6.24944781240384, 8.77967782437798, 11.7752072122958] [6.05319463440002, 10.7203370996301, 9.78333223626656] [8.39020822713711, 0.458863481463395, 1.51738994230749] [8.44116666077805, 2.66671905600678, 3.38998819402465] [10.349694125107, 0.526068570403136, 3.46472728934516] [10.5252410302041, 2.52706827289086, 1.56148363739679] [8.46727933224578, 0.56921433639251, 5.72234076688981] [8.34370062334401, 2.53453607791832, 7.68599047057502] [10.6807602547446, 0.541831440167271, 7.75768115392502] [10.3075789358883, 2.54683260624713, 5.65635515292063] [8.29434257117648, 0.372061437815307, 9.77120320729596] [8.65708741443666, 2.42565937888555, 11.8420663863413] [10.5005841627978, 0.484304957886717, 11.7403515007713] [10.4882721652437, 2.66023788082069, 9.72824567022696] [8.48327572416108, 4.65402130167377, 1.26882698736081] [8.4378542182473, 6.88100360629312, 3.44345202496302] [10.3097047690499, 4.87359737046754, 3.69802030198129] [10.4802698671364, 6.82554816521474, 1.59927136713047] [8.43458172276323, 4.68520533812227, 5.7551891914725] [8.18268898084817, 6.64270771485641, 7.7685227678668] [10.4167752626018, 4.59567140526783, 7.5101304802993] [10.1565183054286, 6.66343062754038, 5.72943374211997] [8.61755899157123, 4.75289217657477, 9.54279811633732] [8.31132945153033, 6.82088553627929, 11.6508988911692] [10.4213127772998, 4.71666145612174, 11.8254932378397] [10.5415429539497, 6.83561811233157, 9.77629399569258] [8.5892152964756, 8.7334398904021, 1.28026514071156] [8.23663376375485, 10.7648958990745, 3.42835822478221] [10.4362963610335, 8.84524392631999, 3.46224700997854] [10.5527835908565, 10.8367749438594, 1.64330453364714] [8.28503052298371, 8.61740432756399, 5.47097376745454] [8.43505952091393, 10.6382810111866, 7.72743493333666] [10.3155726436338, 8.68311655417343, 7.7227350241283] [10.2337491206629, 10.7940023799787, 5.66214087304831] [8.26175344873754, 8.93430044849715, 9.80146779512852] [8.51672098851104, 10.8363675871478, 11.7419007371616] [10.5801337853465, 8.82553883197591, 11.9275753984974] [10.7075042844717, 10.9191169036691, 9.70376829281385]
 Total energy (eV)
7922.17765539
 Forces (eV ang.^-1)
 
 Stress (kbar)
3.69116 8.01007 5.08649 -1.78454 0.77608 -0.2543
 Configuration num. 2
 System name
System
 The number of atom types
1
 The number of atoms
1
 Atom types and atom numbers
 Au 1
 Primitive lattice vectors (ang.)
[]
 Atomic positions (ang.)
[0.0693981466859815, 0.579039196660371, 1.84144169409148] [0.372423729843616, 2.73231658765679, 3.93786517886483] [2.47980756944494, 0.925612174194812, 3.9582366727287] [2.16860034530293, 3.10371077573368, 1.77648475075209] [0.381832436572778, 1.08225947851177, 6.16955395209066] [0.150462513575212, 3.19129235053314, 8.02504197563637] [2.37246167361703, 1.14152185781268, 8.10503723903016] [2.50619596538026, 3.1369371968446, 5.80229759894995] [0.371826656254067, 0.994336627262803, 10.0085547249865] [0.0860551739135603, 2.66051868442891, 12.0770846824881] [2.29561077525458, 0.959194030282397, 12.1938915845272] [2.31691975027056, 3.13525022883461, 10.0855372084907] [0.0635634753519419, 4.88591520105762, 1.77746927990074] [0.108132154474553, 7.12088201312138, 3.80271938011048] [2.10891854050175, 5.05667737676047, 3.84528375832373] [2.34340040900687, 7.00346513430421, 2.07979724844068] [0.282331891750408, 4.89764585948499, 5.89433156696432] [0.0800519182664084, 7.00412302821612, 8.00445806699304] [2.32251227620457, 5.1666243223249, 8.1071389054469] [2.31615646513923, 7.13883101747215, 5.94885279095338] [0.0695000818591732, 4.77619400978863, 10.1603936686996] [0.214706997897693, 6.96362780278504, 0.0490807102513691] [2.27708336962987, 5.0635514646563, 12.1204155191191] [2.12415858236885, 7.07989390929654, 10.0292064908845] [0.164891656442486, 9.57647192767138, 2.05909499208206] [0.284193531927645, 11.5500005617428, 4.11572484691601] [2.24708881574974, 9.19907648522439, 4.00503575943836] [2.4073641840734, 11.282024758805, 1.94909612184236] [0.208157660888901, 9.10024864964969, 6.02148838529509] [0.240536391191102, 11.2954441092782, 8.20129511935759] [2.17533151707939, 9.18691318037294, 8.12541813786348] [2.16687217854455, 11.4936069726814, 6.15498946153043] [0.132844453179504, 9.23066906686318, 10.0384436048768] [0.0868353551914435, 11.0699810587245, 11.9514254006839] [2.10354364438167, 9.09060688451367, 12.1899214816959] [2.3675721367031, 10.9855543314111, 10.1882067467859] [4.43232263170006, 0.856257243821904, 1.74187886657593] [4.42337707692589, 2.82821460487208, 3.88875345923125] [6.52710208146643, 0.825626180674503, 3.98801436324291] [6.5385729871791, 3.02470285210093, 2.02049127606622] [4.40847243148967, 0.878876025063069, 5.99803395244095] [4.31784521016104, 3.04499262756472, 7.97985045840889] [6.53901796443901, 0.92869845004502, 8.21022798578696] [6.57761046650382, 2.91500746848776, 5.98756919131943] [4.43116650029433, 0.659228517566007, 10.2036097647087] [4.4371281227737, 2.96952669536684, 11.8618278933589] [6.57534760125191, 0.962721426552739, 12.0628251229653] [6.63588767348467, 3.10863761160821, 10.115307759632] [4.36037754559034, 4.66453017989695, 1.82966469503723] [4.3901425642839, 7.07826221817695, 3.95912426235602] [6.36142458032238, 4.95403784145956, 3.98334259223758] [6.37045106527049, 7.09986508681238, 2.1064744449116] [4.28200013468717, 5.09358952974081, 5.92207309671265] [4.57300978775087, 7.15380233963721, 7.96221663895609] [6.63866542051906, 4.93134980244925, 8.05020046726883] [6.59749802088932, 6.9365430427275, 5.92517012857291] [4.47377387464426, 5.28685045800363, 9.89188869680534] [4.28141738990183, 6.89514992288701, 12.19182386063] [6.60535633870033, 5.1167922242805, 0.0257049357992082] [6.62850155124292, 7.03414464213417, 10.0451859835582] [4.31559523598694, 8.92603549491522, 1.79714582660598] [4.46963202224955, 11.1177584645737, 3.77440667610759] [6.44443610648236, 9.00619589558431, 4.11954658473546] [6.51884322697383, 11.2224517262504, 1.80011197610573] [4.23417578047527, 9.25774932380337, 5.9846751545872] [4.25469879057637, 11.1631414496987, 8.04044948767927] [6.69367157241931, 8.97021904702294, 7.85428190108696] [6.40678144009625, 11.2849646658423, 6.11114183175978] [4.45251723412457, 8.95242700752269, 9.97849052231521] [4.42720234409539, 11.0772713804471, 12.0771742326226] [6.44661570404385, 8.99017344042057, 12.127673484672] [6.38114281305583, 11.1187852515892, 10.0322844562483] [8.55962329879405, 0.571808768793946, 1.93521438547672] [8.54836769148827, 2.7542122526082, 3.95839212054146] [10.5818381697925, 0.642276520608326, 4.05576434509273] [10.8586179927052, 2.73218685192872, 2.21435224567322] [8.52822504363128, 0.800136997442787, 6.01411733116805] [8.68146031727562, 2.79266678080068, 8.09949784508388] [10.6684854807733, 0.84434794985046, 7.95125224769522] [10.9617773256221, 2.80915237675333, 6.06274870598096] [8.59081692650075, 0.61748791506894, 10.1956490389112] [8.59578505181045, 2.9068950916498, 0.0623006148277982] [10.5693802454523, 0.827336504416303, 12.1474031002869] [10.6129803609289, 2.67859306295399, 10.0567215370141] [8.76398887676887, 4.8725642579685, 1.92693457516331] [8.73290144932153, 6.68792306174157, 3.88730665007] [10.7012623623637, 4.74801512937337, 3.89637366570434] [10.548827665669, 7.0491714100078, 2.02809512153566] [8.7079892216675, 4.83386720706733, 6.02392355703648] [8.80551255848411, 6.86680093398036, 7.9637902241369] [10.7753851309672, 4.75379190392516, 8.26388593408884] [10.745963614195, 6.72880154343584, 5.93244292287129] [8.8662373501775, 5.00935390947603, 10.1322572281199] [8.5860509162213, 7.09483789314934, 0.205813139590601] [10.9121477372621, 5.00966555652797, 12.1217346757416] [10.6999095113616, 7.2086744479528, 10.2079007324426] [8.4628857382713, 9.15330221086567, 2.006267425976] [8.61617672331266, 11.0976583832709, 4.1189808529506] [10.8927234780616, 9.15263080501293, 3.91927094265377] [10.424119402854, 11.1616116394167, 1.94212126455313] [8.80080911091769, 8.90813281508711, 5.88805654727682] [8.56162631099468, 11.2451428004578, 7.96483617231082] [10.8195840469632, 8.99428119300118, 7.9566728449043] [10.8561724155155, 11.1565525611606, 6.14778148676397] [8.51867654730922, 8.92076308446834, 9.96152261742107] [8.41972279534834, 11.0124075419616, 11.9930468365622] [10.8041395986328, 9.06850133847565, 12.2352295977075] [10.5955268217133, 11.2215836693768, 10.0019525998124]
 Total energy (eV)
7905.68314765
 Forces (eV ang.^-1)
 
 Stress (kbar)
-3.56934 -4.58485 -0.82597 -1.48526 0.19947 0.23499